Pawn
0;0;0;0;0;0;0;0
6;6;6;6;6;6;6;6
1;1;1;1;1;1;1;1
.3;.3;.3;.4;.4;.3;.3;.3
.2;.2;.4;.5;.5;.4;.2;.2
.25;.2;.3;.3;.3;.3;.2;.25
0;0;0;0;0;0;0;0
0;0;0;0;0;0;0;0
Knight
-.4;0;0;0;0;0;0;-.4
-.2;.2;.35;.2;.2;.35;.2;-.2
-.2;.2;.3;.3;.3;.3;.2;-.2
-.2;.2;.3;.5;.5;.3;.2;-.2
-.2;.2;.3;.5;.5;.3;.2;-.2
-.2;.2;.4;.3;.3;.4;.2;-.2
-.3;.1;.2;.3;.3;.2;.1;-.3
-.4;-.3;-.3;0;0;-.3;-.3;-.4
Bishop
.1;0;0;0;0;0;0;.1
.1;.25;0;0;0;0;.25;.1
.1;.1;.2;0;0;.2;.1;.1
.25;.15;.1;.3;.3;.1;.15;.25
.2;.25;.4;.3;.3;.4;.25;.2
.3;.4;.3;.25;.25;.3;.4;.3
.25;.5;.25;.2;.2;.25;.5;.25
.2;.15;.1;.1;.1;.1;.15;.2
Rook
.25;.25;.25;.25;.25;.25;.25;.25
.5;.5;.6;.6;.6;.6;.5;.5
.1;.15;.2;.2;.2;.2;.15;.1
.1;.15;.15;.15;.15;.15;.15;.1
.1;.15;.15;.15;.15;.15;.15;.1
.1;.15;.2;.2;.2;.2;.15;.1
.1;.1;.1;.1;.1;.1;.1;.1
.1;.2;.3;.4;.4;.3;.2;.1
Queen
.2;.4;.4;.4;.4;.4;.4;.2
.2;.4;.4;.4;.4;.4;.4;.2
.2;.3;.4;.4;.4;.4;.3;.2
.3;.2;.4;.5;.5;.4;.2;.3
.1;.3;.4;.5;.5;.4;.3;.1
.1;.2;.4;.4;.4;.4;.2;.1
0;.3;.1;.2;.2;.1;.3;0
.3;0;0;0;0;0;0;.3
King
0;0;0;0;0;0;0;0
0;0;0;0;0;0;0;0
0;0;0;0;0;0;0;0
0;0;0;0;0;0;0;0
0;0;0;0;0;0;0;0
0;0;0;0;0;0;0;0
0;0;0;0;0;0;0;0
.4;.5;.4;0;0;.45;.55;.5
